f,s11,idk
3.500000000000000E9,4.475332427852811E1, 1.291363396214256E1  
3.505000000000000E9,4.474073848145886E1, 1.280420020613232E1  
3.510000000000000E9,4.482869706514912E1, 1.004671803441696E1  
3.515000000000000E9,4.460934767054940E1, 1.371265133859956E1  
3.520000000000000E9,4.466579864672815E1, 9.907476585882822  
3.525000000000000E9,4.449636127198142E1, 8.317176698679836  
3.530000000000000E9,4.451601691440526E1, 7.034392712743137  
3.535000000000000E9,4.443020334824094E1, 5.538434934467013  
3.540000000000000E9,4.437591454300764E1, 5.842268689240563  
3.545000000000000E9,4.429013384418839E1, 4.499239545381846  
3.550000000000000E9,4.418626458961679E1, 1.671316906594013  
3.555000000000000E9,4.411790532674974E1, 3.003904737073802  
3.560000000000000E9,4.382403627718348E1,-6.081250193132165E-1  
3.565000000000000E9,4.398036722043615E1, 6.152899330567822E-1  
3.570000000000000E9,4.393709584371265E1, 1.001278713441658  
3.575000000000000E9,4.390487347224264E1,-1.663479124614700  
3.580000000000000E9,4.387349625612724E1,-4.318158840018876  
3.585000000000000E9,4.370753845805550E1,-5.737721792149152  
3.590000000000000E9,4.357933697632145E1,-2.240512705679549  
3.595000000000000E9,4.346081511033680E1,-5.786651178644107  
3.600000000000000E9,4.324216927926049E1,-5.136903277452706  
3.605000000000000E9,4.321579123166394E1,-5.492761080707051  
3.610000000000000E9,4.287961122077081E1,-7.740128372690652  
3.615000000000000E9,4.276799259602647E1,-6.722025819461109  
3.620000000000000E9,4.275779418717978E1,-1.092602677827876E1  
3.625000000000000E9,4.274191006360423E1,-1.062451840408860E1  
3.630000000000000E9,4.275230470313906E1,-9.935717376575745  
3.635000000000000E9,4.249659182907125E1,-1.291064109202753E1  
3.640000000000000E9,4.243674785948292E1,-1.634804707909593E1  
3.645000000000000E9,4.216483247158104E1,-1.533641638181831E1  
3.650000000000000E9,4.204975252491942E1,-1.675349905644600E1  
3.655000000000000E9,4.184156951714189E1,-1.670954751628812E1  
3.660000000000000E9,4.171490132437068E1,-1.570297694852390E1  
3.665000000000000E9,4.158435574616701E1,-1.709092239211207E1  
3.670000000000000E9,4.147988596341387E1,-1.945002751097727E1  
3.675000000000000E9,4.138431525159330E1,-2.018979052906814E1  
3.680000000000000E9,4.124520337261630E1,-2.176934262067898E1  
3.685000000000000E9,4.138190842094782E1,-2.144829012343452E1  
3.690000000000000E9,4.152096307233260E1,-2.090134737104271E1  
3.695000000000000E9,4.131348460958893E1,-2.316691088076876E1  
3.700000000000000E9,4.095450933977201E1,-2.512747836718996E1  
3.705000000000000E9,4.097277486760752E1,-2.413300083145642E1  
3.710000000000000E9,4.105387770626872E1,-2.422158587028820E1  
3.715000000000000E9,4.047784339833799E1,-2.523410489690035E1  
3.720000000000000E9,4.057816747963905E1,-2.430473971268765E1  
3.725000000000000E9,4.055112629907790E1,-2.424256128687087E1  
3.730000000000000E9,4.060274298061751E1,-2.350650857098176E1  
3.735000000000000E9,4.028475501008504E1,-2.511812213030150E1  
3.740000000000000E9,4.041304847449344E1,-2.484508767486608E1  
3.745000000000000E9,4.025225926514511E1,-2.624417650839629E1  
3.750000000000000E9,3.999983866802368E1,-2.778509150853968E1  
3.755000000000000E9,3.999975925689910E1,-2.741047375510351E1  
3.760000000000000E9,3.985899830436492E1,-2.838825874583285E1  
3.765000000000000E9,3.960538705265231E1,-2.860036823915899E1  
3.770000000000000E9,3.936401179505462E1,-2.907492974757995E1  
3.775000000000000E9,3.931406765521047E1,-2.989635056234584E1  
3.780000000000000E9,3.943316239266104E1,-2.940703786868146E1  
3.785000000000000E9,3.934325095981810E1,-3.000781240838374E1  
3.790000000000000E9,3.903923047544134E1,-3.138468160394054E1  
3.795000000000000E9,3.905719666283550E1,-3.046395862878957E1  
3.800000000000000E9,3.889019018848584E1,-3.166956400773783E1  
3.805000000000000E9,3.886677265219061E1,-3.110215540328810E1  
3.810000000000000E9,3.863271435817381E1,-3.145545693519950E1  
3.815000000000000E9,3.868953109270745E1,-3.156201721138521E1  
3.820000000000000E9,3.840747083852899E1,-3.276704748816464E1  
3.825000000000000E9,3.809949663784446E1,-3.336802586628708E1  
3.830000000000000E9,3.813896138475808E1,-3.406313296235292E1  
3.835000000000000E9,3.812896506845510E1,-3.401805918704512E1  
3.840000000000000E9,3.803507993910885E1,-3.484580086925317E1  
3.845000000000000E9,3.801363579922943E1,-3.590637217019136E1  
3.850000000000000E9,3.800928740991559E1,-3.701467630462316E1  
3.855000000000000E9,3.782110034564652E1,-3.796031877913779E1  
3.860000000000000E9,3.798628018144126E1,-3.797468274928293E1  
3.865000000000000E9,3.772661523063929E1,-3.700860498042304E1  
3.870000000000000E9,3.750277324052141E1,-3.694744756270779E1  
3.875000000000000E9,3.743345953259414E1,-3.783528834128420E1  
3.880000000000000E9,3.747190563918401E1,-3.775376434588698E1  
3.885000000000000E9,3.722956144245252E1,-3.846514478567021E1  
3.890000000000000E9,3.709319589339852E1,-3.870238301160288E1  
3.895000000000000E9,3.719368066715467E1,-3.830849342353925E1  
3.900000000000000E9,3.687003587575858E1,-3.929045254425988E1  
3.905000000000000E9,3.698502912661373E1,-3.938518095636530E1  
3.910000000000000E9,3.659059981830831E1,-4.040697874083378E1  
3.915000000000000E9,3.664886940447322E1,-4.018092440089311E1  
3.920000000000000E9,3.671644789307641E1,-4.017451087491207E1  
3.925000000000000E9,3.658252554824513E1,-4.027412217579538E1  
3.930000000000000E9,3.632949248636087E1,-4.032316189221985E1  
3.935000000000000E9,3.625322275183240E1,-4.012508722744136E1  
3.940000000000000E9,3.625611985812018E1,-3.979093677024804E1  
3.945000000000000E9,3.631177996175693E1,-3.898125646721651E1  
3.950000000000000E9,3.638400809652265E1,-3.884456001826648E1  
3.955000000000000E9,3.617083967617168E1,-3.956428962930556E1  
3.960000000000000E9,3.598987193524091E1,-3.940071329121719E1  
3.965000000000000E9,3.577463502984696E1,-4.134893349822119E1  
3.970000000000000E9,3.558251742634955E1,-4.212093353004104E1  
3.975000000000000E9,3.553300914256698E1,-4.272207645396102E1  
3.980000000000000E9,3.545983834304549E1,-4.272708624086074E1  
3.985000000000000E9,3.529379192763875E1,-4.210184726373233E1  
3.990000000000000E9,3.533392724079977E1,-3.979836953941061E1  
3.995000000000000E9,3.509728606611392E1,-4.141799096609681E1  
4.000000000000000E9,3.507236725481989E1,-4.190936156959530E1  
4.005000000000000E9,3.507964798686432E1,-4.250499738898090E1  
4.010000000000000E9,3.509323481733394E1,-4.291469585579267E1  
4.015000000000000E9,3.515052586201208E1,-4.236009085036741E1  
4.020000000000000E9,3.498995088497211E1,-4.167318080365136E1  
4.025000000000000E9,3.473391128266793E1,-4.201705817835077E1  
4.030000000000000E9,3.473634392411806E1,-4.198590500228027E1  
4.035000000000000E9,3.481034291112572E1,-4.254306290216174E1  
4.040000000000000E9,3.449017449894881E1,-4.256353977452492E1  
4.045000000000000E9,3.457233590244413E1,-4.303543175778187E1  
4.050000000000000E9,3.431051924329737E1,-4.303092905640608E1  
4.055000000000000E9,3.428499561562743E1,-4.292206155594702E1  
4.060000000000000E9,3.427309571039798E1,-4.274828198465787E1  
4.065000000000000E9,3.437485003954692E1,-4.291288445509304E1  
4.070000000000000E9,3.423671323704265E1,-4.343403332152191E1  
4.075000000000000E9,3.445718787666909E1,-4.361140434898474E1  
4.080000000000000E9,3.423307859817297E1,-4.488127983472970E1  
4.085000000000000E9,3.435280637431459E1,-4.468620262908024E1  
4.090000000000000E9,3.387203634547068E1,-4.466671076939517E1  
4.095000000000000E9,3.391178956863651E1,-4.415370631266809E1  
4.100000000000000E9,3.382328870020695E1,-4.432062259127714E1  
4.105000000000000E9,3.405432840307205E1,-4.456120892791827E1  
4.110000000000000E9,3.373878262965481E1,-4.460238957065617E1  
4.115000000000000E9,3.370198522078652E1,-4.498657795026443E1  
4.120000000000000E9,3.376508784578425E1,-4.470138205824023E1  
4.125000000000000E9,3.365324813535798E1,-4.503279941806672E1  
4.130000000000000E9,3.356726886166722E1,-4.538769446075425E1  
4.135000000000000E9,3.329011007323335E1,-4.483395216149607E1  
4.140000000000000E9,3.333167909952910E1,-4.453614398773705E1  
4.145000000000000E9,3.338278334174333E1,-4.473072026487512E1  
4.150000000000000E9,3.333779704251196E1,-4.503809427624518E1  
4.155000000000000E9,3.325849453204855E1,-4.515849971116557E1  
4.160000000000000E9,3.308236613440957E1,-4.530274949387184E1  
4.165000000000000E9,3.294073712600723E1,-4.536895627072246E1  
4.170000000000000E9,3.291530666502495E1,-4.505597134973340E1  
4.175000000000000E9,3.270763549119960E1,-4.555134030775013E1  
4.180000000000000E9,3.274694832314683E1,-4.588927721614610E1  
4.185000000000000E9,3.282616522829245E1,-4.602441586695991E1  
4.190000000000000E9,3.278412071218052E1,-4.583093151395251E1  
4.195000000000000E9,3.255642131919773E1,-4.585807022714211E1  
4.200000000000000E9,3.241076029246389E1,-4.541346296917985E1  
4.205000000000000E9,3.249849130034725E1,-4.663444311328910E1  
4.210000000000000E9,3.232494685167881E1,-4.715902767023165E1  
4.215000000000000E9,3.226745675643628E1,-4.757226890900220E1  
4.220000000000000E9,3.225478082864609E1,-4.723168647463788E1  
4.225000000000000E9,3.220843523421425E1,-4.681676794310868E1  
4.230000000000000E9,3.220432962449291E1,-4.594136956701781E1  
4.235000000000000E9,3.225730770217341E1,-4.661125398913449E1  
4.240000000000000E9,3.221369669403902E1,-4.679601744665462E1  
4.245000000000000E9,3.217416414242791E1,-4.666262833920229E1  
4.250000000000000E9,3.218948504501269E1,-4.698987726461451E1  
4.255000000000000E9,3.235195059379460E1,-4.726719783586098E1  
4.260000000000000E9,3.233022797286774E1,-4.774410104097289E1  
4.265000000000000E9,3.249455971972164E1,-4.831630441601763E1  
4.270000000000000E9,3.228179506744112E1,-4.833133650436908E1  
4.275000000000000E9,3.236414479142857E1,-4.841431827439827E1  
4.280000000000000E9,3.212940115675531E1,-4.821820342270106E1  
4.285000000000000E9,3.242749978072873E1,-4.861058947752138E1  
4.290000000000000E9,3.209281843192821E1,-4.819688069876668E1  
4.295000000000000E9,3.175464192779043E1,-4.736779009713641E1  
4.300000000000000E9,3.210934259604992E1,-4.727349757596251E1  
4.305000000000000E9,3.219825809778009E1,-4.737384234643350E1  
4.310000000000000E9,3.193764277974586E1,-4.713032839180072E1  
4.315000000000000E9,3.196220294149664E1,-4.738367570422775E1  
4.320000000000000E9,3.182160853030140E1,-4.832965677614394E1  
4.325000000000000E9,3.185477073634014E1,-4.764275493802871E1  
4.330000000000000E9,3.157253514540321E1,-4.723732020763791E1  
4.335000000000000E9,3.163508594251674E1,-4.717151721085010E1  
4.340000000000000E9,3.156541688662206E1,-4.804495520947528E1  
4.345000000000000E9,3.142142758581522E1,-4.791996992873975E1  
4.350000000000000E9,3.128843912867763E1,-4.846863719457785E1  
4.355000000000000E9,3.138240608975893E1,-4.878497738473572E1  
4.360000000000000E9,3.126793370877735E1,-4.876590359598445E1  
4.365000000000000E9,3.111491151211863E1,-4.861760702341868E1  
4.370000000000000E9,3.122374721790548E1,-4.879018132658468E1  
4.375000000000000E9,3.119053211086425E1,-4.929200424332269E1  
4.380000000000000E9,3.095883141724460E1,-4.833135019071809E1  
4.385000000000000E9,3.096532360805787E1,-4.873509014550571E1  
4.390000000000000E9,3.104330747945361E1,-4.899004315158900E1  
4.395000000000000E9,3.108005339811392E1,-4.908924309578304E1  
4.400000000000000E9,3.096663152517931E1,-4.903908652591964E1  
4.405000000000000E9,3.085048994766363E1,-4.895403848659424E1  
4.410000000000000E9,3.085905360946653E1,-4.893313052935951E1  
4.415000000000000E9,3.092237822171406E1,-5.094649839854477E1  
4.420000000000000E9,3.114861760939596E1,-5.233152231513064E1  
4.425000000000000E9,3.108966295670876E1,-5.196690643222857E1  
4.430000000000000E9,3.115965236280488E1,-5.147252814722028E1  
4.435000000000000E9,3.110736657477047E1,-5.076362863933878E1  
4.440000000000000E9,3.076972135976969E1,-5.018359946982849E1  
4.445000000000000E9,3.094241817595924E1,-5.104611719088006E1  
4.450000000000000E9,3.081870656975982E1,-5.101472194117514E1  
4.455000000000000E9,3.086905874114072E1,-5.113899804560383E1  
4.460000000000000E9,3.052333522420519E1,-5.072361752366722E1  
4.465000000000000E9,3.100616753702256E1,-5.189822927666980E1  
4.470000000000000E9,3.058938782619930E1,-5.077977825720868E1  
4.475000000000000E9,3.070815595483816E1,-5.123434102776926E1  
4.480000000000000E9,3.083642155491614E1,-5.166639902712873E1  
4.485000000000000E9,3.056072231437829E1,-5.177820549047833E1  
4.490000000000000E9,3.091878356498113E1,-5.191406718684399E1  
4.495000000000000E9,3.058069659439808E1,-5.175235730923582E1  
4.500000000000000E9,3.049825434797912E1,-5.100353647368530E1  
